0.09999999999999999 0.3333333333333333
0.07866666666666665 0.5213333333333333
0.79 0.875
0.0 0.3333333333333333
0.0 0.5
0.37083333333333335 0.6166666666666667
0.1535714285714286 0.48809523809523814
0.41111111111111115 0.6444444444444445
-0.1875 0.5
0.2357142857142857 0.45119047619047625
0.20104166666666667 0.5151785714285714
0.2 0.2
0.5625 0.55
0.14261363636363633 0.5886363636363636
-0.015340909090909096 0.39350649350649347
0.29866666666666664 0.8046666666666666
0.09444444444444446 0.49537037037037035
0.24434603386809267 0.596880570409982
0.1674622252747253 0.4713226877289377
0.6 0.75
0.35 0.35000000000000003
-0.32499999999999996 0.5455357142857142
0.0 0.0
0.65 0.5
0.36571428571428577 0.6985714285714286
-0.024479166666666663 0.47916666666666663
0.5 1.0
0.0949074074074074 0.49351851851851847
0.8 0.75
1.0 1.0
0.8 0.75
1.0 1.0
0.1229166666666667 0.6378472222222221
0.0 0.1
0.023809523809523805 0.3547619047619048
0.2777777777777778 0.5308641975308642
0.7 0.6000000000000001
0.17500000000000002 0.45416666666666666
0.89 0.875
0.171875 0.43263888888888885
0.5 0.6
0.26031746031746034 0.5355699855699856
0.13636363636363635 0.45454545454545453
0.42111111111111116 0.7333333333333334
0.0 0.0
0.3202380952380952 0.6024603174603175
0.08095238095238096 0.42698412698412697
0.4875 0.8
0.2150793650793651 0.4592592592592592
0.41055555555555556 0.7305555555555556
-0.26946885850694446 0.48680555555555555
0.43333333333333335 0.8333333333333334
0.13432147562582344 0.3532938076416337
0.3 0.6166666666666667
0.07261904761904761 0.7107142857142857
0.2511488511488511 0.48441558441558435
0.625 0.6
0.13870129870129871 0.40543290043290037
0.07222222222222223 0.19999999999999998
-0.07785714285714285 0.5773809523809523
0.4875 0.875
1.0 1.0
-0.11083333333333334 0.42000000000000004
0.9099999999999999 0.7800000000000001
0.2648809523809524 0.4547619047619047
0.33619047619047626 0.5147619047619048
0.24666666666666667 0.5
0.7166666666666668 0.7833333333333333
0.26666666666666666 0.5333333333333333
0.5625 0.75
0.353125 0.6708333333333334
-0.06111111111111108 0.5268518518518518
0.9099999999999999 0.7800000000000001
0.4375 0.43333333333333335
0.5555555555555556 0.888888888888889
0.55 0.75
-0.0066666666666666645 0.44296296296296284
0.0 1.0
0.8 1.0
0.5142857142857143 0.569047619047619
0.625 0.6
0.2976190476190476 0.6563492063492063
0.34761904761904766 0.6067460317460318
0.6916666666666668 0.8166666666666668
0.3321428571428572 0.5964285714285715
0.8 0.75
0.8 0.75
0.6025 0.8825000000000001
0.02500000000000001 0.3916666666666667
0.3040909090909091 0.6603030303030303
0.24030303030303027 0.41272727272727283
-0.48828125 0.25
0.13978174603174606 0.603670634920635
0.4 0.625
-0.2138888888888889 0.5717592592592592
0.4166666666666667 0.5
0.37857142857142856 0.4857142857142857
0.55 0.6
-0.1 0.5599999999999999
-0.29166666666666663 0.75
0.40277777777777785 0.65
0.13376623376623376 0.5142857142857143
0.19027777777777777 0.6083333333333334
0.7 0.6000000000000001
0.16535714285714287 0.5357142857142858
0.16571428571428573 0.40499999999999997
0.0 0.0
0.20555555555555557 0.6027777777777777
0.07500000000000001 0.55
0.3333333333333333 0.6666666666666666
0.39166666666666666 0.5454761904761904
0.23067460317460314 0.5291269841269841
0.5 0.5
0.825 1.0
0.19254079254079257 0.48817016317016315
1.0 1.0
0.0 0.0
0.041351010101010104 0.40994318181818185
0.12037037037037036 0.5547364672364672
-0.030785123966942152 0.5102617079889809
0.0 0.0
0.4000000000000001 0.9
0.09583333333333334 0.4222222222222222
0.25 0.47857142857142854
0.2675925925925926 0.5824074074074075
0.328125 0.5625
0.12296031746031748 0.4722579365079366
0.05888888888888889 0.3833333333333333
0.15833333333333335 0.2722222222222222
0.1 0.2
0.06410256410256411 0.5032051282051282
0.10936639118457302 0.5246556473829201
0.7 0.6000000000000001
0.018181818181818174 0.2772727272727273
0.3595670995670996 0.6020779220779221
0.0 0.0
0.0 1.0
0.5 0.4375
0.11322751322751319 0.4738756613756615
-0.012499999999999983 0.85
0.39375 0.48750000000000004
0.10277777777777779 0.4444444444444445
0.024147727272727272 0.5179924242424243
0.6666666666666666 0.6923076923076924
0.13333333333333333 0.20833333333333334
0.0 0.0
0.04 0.53
0.03641975308641976 0.6098765432098765
0.4 0.6300000000000001
0.675 0.9
0.24250000000000002 0.575
-0.24166666666666667 0.5583333333333333
0.3 0.2
0.275 0.5499999999999999
-0.2111111111111111 0.6166666666666667
1.0 1.0
-0.1 0.4
0.11786916786916787 0.5483182161753591
0.32285714285714284 0.6857142857142857
0.2 0.2
0.34285714285714286 0.7923809523809524
1.0 0.75
0.30833333333333335 0.7291666666666667
0.17460317460317462 0.3992063492063492
0.338903743315508 0.5503805018510901
-1.0 1.0
0.7 0.6000000000000001
0.4 0.5535714285714286
0.8 0.75
0.010984848484848486 0.49666907166907176
0.0 0.0
-0.09958333333333334 0.4611111111111112
0.2828125 0.625
0.16818181818181818 0.32727272727272727
0.0 0.0
0.4857142857142857 0.5785714285714285
0.058712121212121215 0.3880681818181818
0.7250000000000001 0.875
0.557142857142857 0.7232142857142857
0.0 0.0
1.0 0.75
-0.5445833333333333 0.7233333333333333
0.3819047619047619 0.5585714285714286
-0.1 0.5875
-0.10624579124579125 0.444983164983165
1.0 1.0
0.013773148148148165 0.44097222222222215
0.5 0.32857142857142857
0.2828125 0.625
0.125 0.5989583333333333
0.8 0.75
0.575 1.0
0.9099999999999999 0.7800000000000001
0.6625 0.6875
-0.27840909090909094 0.7386363636363636
0.5275 0.7450000000000001
0.12250000000000001 0.438
0.5865079365079365 0.6293650793650793
0.23507233994076102 0.496590909090909
0.4166666666666667 0.5
0.0 0.3
-0.3 0.6
0.49523809523809526 0.811904761904762
0.22 0.3688888888888888
-0.024999999999999994 0.30000000000000004
0.3275462962962963 0.5731481481481482
0.16510416666666666 0.6942708333333333
0.15416666666666667 0.5416666666666666
0.4964285714285714 0.6089285714285714
0.125 0.6785714285714286
0.9099999999999999 0.7800000000000001
0.0 0.0
-0.4090909090909091 0.6363636363636365
0.35000000000000003 0.575
0.5428571428571429 0.6428571428571428
0.25 0.25
0.75 0.625
0.0 0.0
-0.0515625 0.48875
0.09166666666666667 0.5666666666666668
0.6749999999999999 0.6666666666666666
0.875 0.6000000000000001
0.07857142857142858 0.5724489795918367
0.3125 0.5625
0.12916666666666668 0.5166666666666667
0.0 0.0
0.8 0.75
0.5454545454545454 0.6015151515151516
0.6041666666666666 0.6875
0.1125 0.428125
0.6 0.675
0.2875 0.325
0.42000000000000004 0.7166666666666667
0.29625 0.75
0.2737037037037037 0.5481481481481482
0.3430555555555556 0.6611111111111111
0.12250000000000001 0.5700000000000001
0.12583333333333332 0.6625
0.3416666666666667 0.5416666666666667
0.6428571428571428 0.6428571428571428
0.21428571428571427 0.5
0.3989583333333333 0.47000000000000003
-0.004999999999999993 0.5133333333333333
0.13333333333333333 0.7472222222222222
0.2 0.2791666666666667
0.01785714285714285 0.46785714285714286
0.7 0.6000000000000001
-0.04833333333333334 0.4616666666666666
1.0 1.0
-0.3348214285714286 0.6401785714285714
0.30833333333333335 0.5458333333333334
-0.14642857142857146 0.6146825396825397
0.08833333333333335 0.3721428571428571
0.07566666666666663 0.7333333333333334
0.0 0.0
0.9099999999999999 0.7800000000000001
0.9 0.875
0.07500000000000001 0.4
0.25 0.3333333333333333
0.4166666666666667 0.5
0.7000000000000001 1.0
-0.3666666666666667 0.7000000000000001
0.2285714285714286 0.41025641025641024
-0.18333333333333335 0.43333333333333335
0.6166666666666667 0.7916666666666667
0.7 0.6000000000000001
0.4297619047619048 0.7172619047619048
0.08333333333333331 0.5166666666666667
0.40727272727272734 0.5809090909090908
0.08229166666666665 0.5635416666666667
0.2581632653061225 0.44192176870748306
0.8 1.0
0.43333333333333335 0.6166666666666667
0.7 0.6900000000000001
0.37812500000000004 0.6875
0.3333333333333333 0.7999999999999999
0.24629629629629632 0.5043209876543211
-1.0 0.8
0.5333333333333333 0.7833333333333333
-0.08 0.465
0.375 0.375
0.11767857142857144 0.38285714285714284
0.01754285714285716 0.42083809523809523
1.0 1.0
-0.14900000000000002 0.35266666666666663
0.0 0.0
0.2 0.2
0.6775568181818181 0.7727272727272727
0.12464985994397759 0.4795518207282913
-0.016780303030303038 0.5433712121212121
0.4681818181818182 0.6022727272727273
-0.3329545454545455 0.5193181818181818
0.4666666666666667 0.75
0.1875 0.85
0.039999999999999994 0.32
0.09999999999999999 0.4666666666666666
0.14166666666666666 0.5361111111111111
0.27380952380952384 0.46651785714285715
0.19687499999999997 0.6114583333333333
0.3 0.4375
-0.075 0.44999999999999996
0.9 0.875
0.0 0.0
0.0 0.0
0.6666666666666666 0.7999999999999999
-0.2 0.05
0.39999999999999997 0.8
0.0 0.5
0.0 0.0
0.1787878787878788 0.7181818181818181
0.5619047619047618 0.5785714285714286
0.8 0.75
0.6 1.0
0.41571428571428565 0.5485714285714286
0.07666666666666666 0.5133333333333334
0.2459375 0.6125
0.04999999999999999 0.85
0.6166666666666667 0.7916666666666667
0.25 0.6666666666666666
0.8125 0.675
0.7333333333333334 0.7166666666666667
0.3538888888888889 0.7111111111111111
0.0 0.0
0.10716690716690716 0.44514189514189506
0.4 0.875
0.0 0.0
0.3424242424242424 0.4675757575757576
0.39166666666666666 0.575
0.75 0.8
0.12678571428571428 0.5011904761904762
0.18537414965986396 0.3289115646258503
0.27881944444444445 0.4958333333333334
0.18952380952380954 0.48999999999999994
0.18333333333333335 0.6444444444444445
-0.03214285714285715 0.3678571428571428
0.4 0.56
0.2736023741883117 0.5487012987012987
1.0 0.75
0.29464285714285715 0.6357142857142857
0.17574074074074073 0.5281481481481481
0.0 0.0
0.60625 0.7250000000000001
0.15 0.4666666666666666
0.35833333333333334 0.6166666666666667
0.14736979166666667 0.6395833333333333
-0.2916666666666667 0.5416666666666666
0.0005952380952380931 0.5489583333333333
-0.05 0.25
-0.09285714285714286 0.6938095238095238
1.0 1.0
0.52 0.615
-0.038825757575757576 0.3178030303030303
0.10204081632653061 0.5040816326530612
0.4428571428571428 0.45
0.8 0.75
0.6444444444444445 0.7277777777777779
0.19546296296296295 0.6851851851851851
-0.16666666666666666 0.06666666666666667
0.35000000000000003 0.5666666666666667
0.17203776041666663 0.5869791666666665
0.16562499999999997 0.584375
0.604 0.851
0.0875 0.51
0.32999999999999996 0.5066666666666666
0.25 0.5625
0.4 0.5499999999999999
-0.275 0.54
-0.11272727272727275 0.4909090909090909
0.3 0.5
-0.024999999999999994 0.3666666666666667
0.35714285714285715 0.65
0.0 0.0
0.6083333333333334 0.75
0.37916666666666665 0.43333333333333335
0.6 0.8
0.525 0.6583333333333333
0.3466666666666667 0.5466666666666666
0.855 0.7650000000000001
0.15138888888888888 0.5361111111111111
0.04910714285714285 0.4785714285714286
0.39285714285714285 0.5178571428571428
0.05 0.1
0.54 0.5
0.5666666666666667 0.625
-0.2518518518518519 0.662962962962963
0.24134199134199136 0.4477272727272727
0.3571428571428571 0.5357142857142857
0.08173076923076923 0.55
0.08147189349112426 0.42320019723865876
0.04346974206349208 0.5160251322751322
0.1222222222222222 0.688888888888889
0.7 0.6000000000000001
0.0 0.0
0.0 0.39
0.19999999999999998 0.26666666666666666
0.2700757575757576 0.5507575757575758
0.29756493506493503 0.6101370851370851
0.17500000000000002 0.3416666666666666
0.03333333333333333 0.5842592592592593
0.12232142857142858 0.6240646258503402
0.31111111111111117 0.5027777777777779
-0.10370370370370365 0.3592592592592593
0.1 0.2
0.1393939393939394 0.48409090909090907
1.0 1.0
0.075 0.5750000000000001
-0.03988095238095239 0.34345238095238095
-0.15 0.8
0.0 0.5333333333333333
0.27878787878787875 0.5598484848484849
0.7333333333333334 0.8166666666666668
0.14404761904761904 0.4011904761904762
0.2396717171717172 0.5026984126984126
0.5916666666666668 0.8958333333333334
0.2038579067990833 0.4194423223834989
-0.1625 0.455
0.39499999999999996 0.8
0.3 0.4666666666666666
0.8 1.0
0.45499999999999996 0.6816666666666668
-0.09177188552188553 0.5154882154882154
0.09166666666666666 0.5083333333333333
-0.11590909090909092 0.5986363636363636
0.33452380952380956 0.5290816326530612
0.5178571428571429 0.580952380952381
0.0 0.8333333333333334
1.0 0.3
-0.06999999999999999 0.45999999999999996
0.4583333333333333 0.775
0.5722727272727273 0.630909090909091
0.43 0.6775
0.4750000000000001 0.75
0.30416666666666664 0.6586111111111111
0.742 0.7060000000000001
0.0 0.0
0.5 0.5
0.425 0.5833333333333334
0.35 0.36250000000000004
0.0 0.0
0.0 0.0
0.0 0.4642857142857143
0.35 0.30000000000000004
0.3893939393939394 0.7632575757575758
-0.25 0.4708333333333333
0.6222222222222222 0.6722222222222222
-1.0 1.0
0.12916666666666668 0.48333333333333334
0.3333333333333333 0.4666666666666666
-0.026000000000000002 0.4934444444444444
0.12974242424242424 0.6094242424242424
0.5133928571428571 0.6044642857142857
-0.0857142857142857 0.5214285714285715
0.0 0.0
0.27619047619047615 0.3142857142857143
0.3856123737373738 0.5619255050505051
-0.3350000000000001 0.7550000000000001
0.2515151515151515 0.6143939393939394
0.05144230769230769 0.4330128205128205
-0.3499999999999999 0.8333333333333333
0.36818181818181817 0.7272727272727273
0.3375 0.6
0.32142857142857145 0.4642857142857143
-0.5333333333333333 0.9
1.0 1.0
0.0 0.0
0.32271062271062273 0.6274725274725276
0.05833333333333333 0.3075
0.2 0.3
0.21388888888888888 0.3935185185185185
0.28 0.5897649572649573
-0.025976562499999998 0.4375
0.8 0.75
0.75 0.675
0.39444444444444443 0.6138888888888889
0.10357142857142858 0.3935714285714285
0.1911111111111111 0.5437037037037036
0.2875 0.6442307692307692
1.0 1.0
0.07976190476190477 0.4095238095238095
0.21666666666666665 0.5825396825396825
0.1783730158730159 0.5093915343915344
0.23302083333333334 0.6117708333333333
0.2070588235294118 0.5167973856209149
0.11907051282051284 0.4900686813186813
0.014351851851851857 0.4240740740740741
0.43333333333333335 0.8333333333333334
-0.06666666666666667 0.14205128205128204
0.00466145833333333 0.48610243055555546
0.8 0.75
-0.07179487179487179 0.5564102564102563
0.18729166666666666 0.43111111111111106
-0.13428571428571429 0.5914285714285714
0.2755952380952381 0.4053571428571429
-0.16666666666666666 0.3333333333333333
0.5 0.675
0.19947916666666668 0.46964285714285725
0.037777777777777785 0.48650793650793644
0.8 0.75
0.0 1.0
0.2498964803312629 0.38357222487657266
0.02185152810152809 0.40174987049987054
-0.1375 0.42500000000000004
0.12833333333333333 0.49071428571428577
0.2733333333333333 0.45999999999999996
0.05955026455026455 0.44481481481481483
0.0 0.35
0.0 0.0
0.8 0.75
0.10211451247165532 0.44547089531783424
0.2543333333333333 0.5423333333333333
0.1404194078947368 0.44657135627530353
0.5670995670995671 0.6339826839826841
0.6166666666666667 0.7916666666666667
0.15555555555555556 0.6666666666666666
0.05103305785123966 0.5276859504132232
1.0 0.75
0.18273809523809526 0.48046398046398053
0.1763036206218025 0.45963203463203467
-0.1685185185185185 0.3407407407407408
0.8 0.75
0.8 0.75
0.18119747899159663 0.6859943977591039
0.0 0.0
1.0 1.0
-0.09166666666666667 0.8416666666666667
0.2130681818181818 0.45454545454545453
0.09881628787878786 0.41486742424242423
0.1645962199312715 0.5488563498357313
0.8 0.75
0.04548691548691549 0.4716623766623767
0.2571428571428572 0.49744897959183676
0.009259259259259264 0.3962962962962963
0.7 0.7
1.0 1.0
0.11641313932980601 0.4722207524985304
0.7 0.6000000000000001
0.4387755102040817 0.6022588522588521
0.3055555555555556 0.7833333333333333
1.0 1.0
0.12222222222222223 0.9305555555555555
0.20179191468253968 0.5634052579365079
-0.35 0.6000000000000001
-0.25428571428571434 0.562857142857143
0.8 0.75
0.2813084215167549 0.5274526014109346
0.0 0.0
0.22499999999999998 0.5
0.016666666666666666 0.6055555555555555
0.3211279461279461 0.639793771043771
0.19640151515151516 0.5722222222222223
0.2 0.3
0.8 0.75
0.26458333333333334 0.7000000000000001
0.009374999999999994 0.5079861111111111
0.23095238095238096 0.6327380952380952
0.0 0.0
0.5 0.6
0.24115497076023398 0.4698538011695907
0.9333333333333332 0.8333333333333334
0.42500000000000004 0.6666666666666667
0.21945175438596493 0.5929824561403508
0.0 0.75
0.06987179487179487 0.4493589743589744
0.4348214285714286 0.5357142857142857
0.0 0.0
0.75 1.0
-0.03288651004168248 0.5118084501705192
-0.06166666666666667 0.5349999999999999
0.37222222222222223 0.6944444444444443
0.3743055555555555 0.7027777777777778
0.0625372023809524 0.4577380952380952
0.0 0.0
0.39217171717171717 0.6118686868686869
0.4000000000000001 0.9
0.0 0.0
0.0821969696969697 0.535955710955711
0.5625 0.875
0.55 1.0
0.019758064516129038 0.5522209421402969
0.8 1.0
0.8 0.75
0.095 0.61875
0.08935185185185185 0.4592592592592592
0.8 0.75
0.175 0.6000000000000001
0.24166666666666667 0.34166666666666673
0.278125 0.6124999999999999
1.0 1.0
0.12018939393939394 0.5004924242424242
0.2416666666666667 0.5333333333333333
-0.03385416666666667 0.5604166666666667
0.35 0.30000000000000004
0.4214285714285714 0.6589285714285714
0.7 0.6000000000000001
0.0897235576923077 0.5154380341880341
-0.125 0.75
0.9 0.875
0.3888888888888889 0.4861111111111111
0.625 0.6
0.12418582375478926 0.36765644955300125
0.1328125 0.55
0.11825396825396824 0.3507936507936508
0.17555555555555555 0.3377777777777778
0.46083333333333343 0.744047619047619
-0.16666666666666666 0.30833333333333335
0.5006666666666668 0.778
0.5333333333333333 0.7611111111111112
-0.016666666666666663 0.3523809523809524
0.5681818181818181 0.5772727272727273
0.3 0.4
0.6 1.0
0.10049107142857146 0.4758730158730157
0.0 0.16666666666666666
0.0 0.0
0.6 0.65
0.75 0.8
0.27394179894179893 0.4660052910052911
1.0 0.75
0.2916666666666667 0.7285714285714285
0.4216666666666667 0.7116666666666667
0.17404761904761912 0.4192791005291006
0.5458333333333334 0.8083333333333333
0.8 0.75
0.4022916666666667 0.6716666666666667
0.36093749999999997 0.757986111111111
0.3476190476190476 0.5488095238095239
0.0 0.5
0.30166666666666664 0.53
0.081875 0.4570138888888889
0.34722222222222227 0.5
0.2875 0.4375
0.2657142857142857 0.4033333333333334
0.06984126984126986 0.42000661375661374
0.34285714285714286 0.6457142857142857
-0.15 0.55
1.0 0.75
0.3055555555555556 0.5
0.059166666666666666 0.26333333333333336
0.3 1.0
0.625 0.6
0.45 0.7625
0.0 0.125
0.1398148148148148 0.42129629629629634
0.31100000000000005 0.59775
0.35000000000000003 0.5321428571428571
-0.1642857142857143 0.4880952380952381
0.3125 0.8
-0.1 0.1625
0.0 0.0
0.02954545454545454 0.2818181818181818
-0.019444444444444424 0.5604166666666667
0.019117647058823527 0.492577030812325
0.12272727272727274 0.578030303030303
1.0 1.0
0.0 0.0
1.0 0.75
0.25625 0.55
0.0723905723905724 0.38451178451178447
0.0640625 0.3375
0.3333333333333333 0.6619047619047619
1.0 1.0
0.35833333333333334 0.7388888888888889
-0.25 0.4
0.2739030612244898 0.530187074829932
0.22916666666666666 0.3763888888888889
0.17777777777777776 0.35555555555555557
0.7 0.6000000000000001
0.26 0.6432142857142857
0.060833333333333336 0.3416666666666667
-0.06799999999999999 0.16799999999999998
-0.0859375 0.3520833333333333
1.0 1.0
0.0880952380952381 0.5511904761904762
0.0 0.0
-0.21875 0.45
0.05000000000000002 0.5
1.0 1.0
0.5444444444444444 0.6444444444444445
0.1384090909090909 0.5377272727272727
0.8 0.75
0.010965909090909083 0.3475252525252525
-0.14722222222222223 0.21388888888888888
0.025000000000000022 0.7
0.08777777777777777 0.4813888888888889
0.43333333333333335 0.8333333333333334
0.8 0.75
0.11348039215686274 0.282843137254902
0.21000000000000002 0.655
0.28409090909090906 0.2053030303030303
0.13333333333333333 0.4583333333333334
0.36388888888888893 0.5416666666666666
0.6 0.5666666666666667
0.65 1.0
0.3125 1.0
0.006340187590187591 0.38812970655075923
-0.225 0.85
0.25 0.3333333333333333
0.8 0.75
0.47410714285714284 0.6446428571428571
0.9099999999999999 0.7800000000000001
0.2416666666666667 0.48333333333333334
0.37777777777777777 0.5444444444444444
0.15 0.6
0.025727513227513224 0.6595238095238096
0.12783827283827282 0.408976578976579
-0.16 0.2833333333333333
0.225 0.6392857142857142
-0.2485714285714286 0.6676190476190477
-0.1170138888888889 0.4680555555555555
0.8 0.75
0.3746598639455783 0.5528911564625851
0.6166666666666667 0.7916666666666667
0.8 0.75
0.3076923076923077 0.6814102564102564
0.25984848484848483 0.5553030303030304
0.25763888888888886 0.7583333333333334
0.8125 0.9444444444444444
0.08941366792929292 0.4773569023569023
0.06680194805194804 0.5077922077922078
0.05357142857142857 0.30357142857142855
-0.0125 0.4395833333333334
0.5599999999999999 0.7366666666666667
0.22163299663299663 0.5375420875420875
0.26666666666666666 0.6333333333333334
0.4583333333333333 0.9
0.21363636363636362 0.3771212121212121
0.06727272727272728 0.33090909090909093
0.01190476190476191 0.4059523809523809
-0.012500000000000004 0.325
0.18946969696969698 0.7354545454545456
0.19404761904761905 0.4964285714285714
0.0 0.0
0.375 0.375
-0.2143939393939394 0.6409090909090909
0.5 0.5
0.28111111111111114 0.6794444444444444
0.24871882086167799 0.49085034013605433
-0.07666666666666665 0.6111111111111112
0.33055555555555555 0.5777777777777778
0.0 0.0
0.375 0.7
0.08833333333333329 0.755
0.30583333333333335 0.5542307692307692
0.46785714285714286 0.5803571428571428
0.14166666666666666 0.34423076923076923
0.0 0.0
0.006969696969696973 0.35212121212121217
0.14326923076923076 0.5034615384615384
0.15 0.4833333333333334
0.0376851851851852 0.4853174603174603
-0.1125 0.21666666666666667
0.7000000000000001 0.95
0.7000000000000001 0.6666666666666666
0.03333333333333334 0.485
0.7 0.6000000000000001
0.24285714285714288 0.6095238095238095
0.0 0.0
0.18958333333333333 0.6958333333333333
0.45 0.55
0.5 0.55
1.0 0.75
0.36666666666666664 0.85
0.3470238095238095 0.5457142857142856
0.20017857142857146 0.5292857142857142
0.45 0.53
0.8 0.75
0.002777777777777777 0.37638888888888894
0.20911904761904762 0.5534603174603174
0.5 0.7
-0.009090909090909094 0.315530303030303
0.425 0.6666666666666666
0.15733543417366946 0.5676937441643325
1.0 1.0
0.2340909090909091 0.5136363636363637
0.18333333333333335 0.6333333333333333
0.0846573998917749 0.5511458333333333
-0.09722222222222224 0.6570555555555556
0.2633333333333333 0.34
0.0 0.0
-0.23394886363636364 0.45590909090909093
0.1431818181818182 0.3637029637029637
0.24166666666666667 0.5499999999999999
0.29 0.6905555555555556
0.0 0.0
0.0625 0.41250000000000003
0.75 0.675
-0.10714285714285715 0.5714285714285714
0.05356448020578454 0.5464473931865236
0.78 1.0
0.5976190476190476 0.7976190476190477
0.3333333333333333 0.5
-0.175 0.85
0.45833333333333337 0.55
0.0 0.8
0.2528379326766424 0.5134013835626738
0.3916666666666667 0.5866666666666667
0.17886119257087 0.5743401759530792
0.0 0.0
0.09404761904761905 0.5547619047619048
0.42857142857142855 0.3202380952380952
0.5275 0.5950000000000001
0.4777777777777778 0.6277777777777778
0.11089743589743592 0.5596153846153846
0.5 0.6
-0.18095238095238098 0.6452380952380952
-0.14079254079254078 0.4215034965034965
0.5232323232323233 0.7626262626262627
0.5681818181818181 0.7272727272727273
0.2655844155844156 0.5082251082251081
0.0855239898989899 0.4959259259259259
-0.4 0.6
0.8 0.75
0.3626041666666667 0.5802083333333333
0.20452898550724638 0.560455486542443
-0.09966329966329966 0.3875420875420876
0.2 0.4800000000000001
0.7250000000000001 0.8375
0.32666666666666666 0.6533333333333333
0.7625000000000001 0.8625
0.48500000000000004 0.84
0.06666666666666667 0.26666666666666666
0.07137188208616782 0.3655852084423513
0.4 0.4
0.13613053613053616 0.5247086247086247
0.2371969696969697 0.5301010101010102
0.30727272727272725 0.5075757575757576
0.14722222222222223 0.5706349206349206
-0.14004329004329003 0.42445887445887437
0.08065907522429262 0.48114216701173224
0.35833333333333334 0.5833333333333334
0.1367283950617284 0.42160493827160495
0.1841314935064935 0.5005772005772006
0.07500000000000001 0.6
0.35520833333333335 0.525
-0.125 0.7178571428571429
-0.12350427350427351 0.46452991452991454
0.43333333333333335 0.8666666666666667
-0.018217893217893206 0.38140331890331886
0.37878787878787873 0.8181818181818182
0.1 0.5625
0.08939393939393937 0.587878787878788
-0.12222222222222223 0.2777777777777778
0.04666666666666667 0.5277777777777778
0.20990460157126822 0.6145061728395061
0.004166666666666668 0.16999999999999998
0.31111111111111106 0.6111111111111112
0.13929824561403512 0.5989035087719298
-0.04642857142857143 0.25952380952380955
0.225 0.25625
0.14583333333333331 0.8458333333333333
-0.015000000000000003 0.545
0.04375 0.41875
0.27972222222222226 0.6150000000000001
0.09999999999999999 0.95
-0.031818181818181815 0.465909090909091
0.3333333333333333 0.5
-0.25 0.7
-0.046212121212121225 0.32234848484848483
-0.032727272727272716 0.42868686868686867
0.65 0.575
0.2090277777777778 0.41597222222222224
0.75 0.75
-0.28500000000000003 0.675
0.2123376623376624 0.625
0.0742559523809524 0.25029761904761905
-0.305 0.4416666666666667
0.15178571428571427 0.5285714285714285
0.23484848484848483 0.4772727272727273
0.3133928571428572 0.5753968253968255
0.1373015873015873 0.45952380952380956
0.3958333333333333 0.7458333333333333
0.16116666666666668 0.4168888888888888
-0.041666666666666664 0.4666666666666667
-0.06388888888888888 0.45476190476190465
0.0 0.0
0.175 0.9
0.25 0.75
0.3392857142857143 0.5785714285714286
0.0 1.0
0.8 0.75
0.4686507936507936 0.6298941798941798
0.15832706766917296 0.44345864661654133
-0.00833333333333334 0.4416666666666667
0.5166666666666667 0.7166666666666668
-0.026785714285714274 0.4863095238095238
-0.18174603174603174 0.546031746031746
0.6833333333333332 0.75
0.5375 0.75
0.6276785714285715 0.7035714285714285
0.0054629629629629655 0.3803703703703703
-0.2416666666666666 0.5708333333333333
0.55 0.6799999999999999
0.3 0.41111111111111115
0.16244019138755983 0.5212918660287083
0.2479166666666667 0.5679487179487179
0.07708333333333334 0.5833333333333334
0.25916666666666666 0.6733333333333335
0.04583333333333334 0.4716666666666667
0.19166666666666668 0.4958333333333333
0.09821428571428571 0.5773809523809523
0.0 0.375
0.4 0.4
0.27856060606060606 0.6349431818181819
0.15606060606060604 0.6447390572390572
0.11399711399711399 0.4336177711177711
0.14111111111111108 0.39977777777777773
0.2515873015873016 0.48373015873015873
0.33035714285714285 0.4642857142857143
0.0 0.0
0.12983333333333333 0.5351666666666667
0.27427156177156176 0.5657342657342658
0.10535353535353535 0.4515488215488215
0.3708333333333333 0.7208333333333334
0.10930397727272727 0.44403409090909085
0.28409090909090906 0.5344696969696969
0.40208333333333335 0.7958333333333334
0.12916666666666665 0.4523809523809524
0.5 0.65
0.10772727272727271 0.5000939955106621
0.1064102564102564 0.33076923076923076
0.41818181818181815 0.5272727272727273
0.36893939393939396 0.5530303030303031
0.7 0.7
0.09404761904761905 0.5380952380952382
0.1604761904761905 0.2885714285714286
0.07857142857142857 0.4071428571428572
0.0 0.6
0.17812499999999998 0.4
0.386 0.6066666666666667
-0.09083333333333334 0.45166666666666666
0.17544973544973544 0.6432275132275131
0.5 0.7
0.2 0.2
0.09814107461166285 0.3842033783210253
0.18333333333333335 0.35277777777777786
-0.43750000000000006 0.6875
0.17651515151515154 0.4959532828282828
0.24650974025974026 0.3958978521478521
0.4000000000000001 0.8833333333333333
0.185 0.575
0.18617424242424246 0.621969696969697
0.12416666666666668 0.4462179487179487
0.19260504201680673 0.41873949579831937
0.2833333333333333 0.5833333333333334
0.3107142857142857 0.6988095238095239
0.11666666666666668 0.3833333333333333
0.2085357142857142 0.6082738095238095
0.375 0.6714285714285714
0.21944444444444444 0.4777777777777778
-0.12499999999999997 0.4666666666666667
0.1625 0.4
0.1380952380952382 0.480357142857143
0.047797202797202794 0.513041958041958
0.10714285714285716 0.7214285714285714
0.09684736394557822 0.5188456632653062
0.275 0.3625
0.3284848484848485 0.5893939393939394
0.4166666666666667 0.5
0.19999999999999998 0.3416666666666666
0.0 0.0
0.525 0.6125
-0.16666666666666666 0.16666666666666666
-0.008333333333333337 0.5216666666666667
0.12339533025568179 0.3265151515151515
0.4681818181818182 0.6022727272727273
-0.010933333333333317 0.4697333333333333
0.24733104066985645 0.43277511961722487
0.2494791666666667 0.5652777777777778
-0.125 0.35
0.36 0.5933333333333333
0.1278409090909091 0.5823863636363636
0.09125874125874127 0.42542735042735036
-0.08694638694638696 0.593939393939394
0.2333333333333333 0.4000000000000001
0.1787878787878788 0.4515151515151515
0.25 0.719047619047619
-0.19166666666666668 0.577777777777778
0.4211309523809524 0.5464285714285714
0.07499999999999998 0.65
0.36534090909090905 0.5863636363636364
0.10126262626262626 0.5393939393939394
-0.03489583333333333 0.4541666666666666
0.2859375 0.5519345238095239
-0.0859375 0.275
0.446875 0.625
-0.024242424242424242 0.5083333333333333
0.55 0.475
0.20716619981325862 0.5735060690943045
-0.19999999999999998 0.45238095238095244
0.2699074074074074 0.44814814814814813
0.09722222222222224 0.3618686868686869
0.14536862566996495 0.5843099360956504
0.04717514124293786 0.39496233521657254
0.029829545454545456 0.34889069264069267
0.1750992063492064 0.4957589285714286
0.10833333333333335 0.5908333333333333
0.3392727272727273 0.48890909090909085
0.0 0.0
0.52 0.5875
0.14444444444444446 0.4777777777777778
-0.04285714285714286 0.6071428571428571
0.2515567765567766 0.39432234432234436
0.18383333333333332 0.4625714285714287
-0.6555555555555556 0.6555555555555556
0.125 0.4166666666666667
0.41688311688311686 0.6494005994005995
0.27812499999999996 0.42500000000000004
0.478125 0.75
-0.023333333333333327 0.5786111111111111
0.013333333333333341 0.3466666666666666
0.2544444444444445 0.5007936507936508
0.25779220779220774 0.4805194805194805
0.10659722222222223 0.5666666666666668
0.008262310606060608 0.3104166666666667
0.16666666666666669 0.5333333333333333
0.045833333333333316 0.6625
0.2484375 0.5968749999999999
-0.06912087912087912 0.6304945054945055
0.5549999999999999 0.826
0.18333333333333335 0.46190476190476193
0.12878787878787878 0.34040404040404043
0.4766666666666666 0.6666666666666666
0.526 0.5666666666666667
0.10876623376623377 0.5970779220779221
0.043750000000000004 0.2875
0.3535714285714286 0.6357142857142858
0.1973666666666667 0.5550222222222222
0.4761904761904762 0.6547619047619048
0.3833333333333333 0.5416666666666667
0.30868055555555557 0.6305555555555555
0.02363636363636364 0.4783712121212121
-0.1 0.30000000000000004
0.312 0.418
0.25 0.5045454545454546
0.14416666666666667 0.4766666666666666
0.32486772486772486 0.5005291005291005
-0.00874999999999999 0.74
0.16818181818181818 0.32727272727272727
0.2453125 0.58
0.0 0.0
-0.007034632034632035 0.5291125541125541
-0.36666666666666664 0.38888888888888884
0.06111111111111111 0.3833333333333333
0.0657070707070707 0.4273569023569024
0.36000000000000004 0.5057142857142857
0.2770454545454546 0.46564685314685317
0.5287878787878788 0.7348484848484849
0.09999999999999998 0.5541666666666667
0.14208333333333334 0.5475000000000001
0.24285714285714285 0.39999999999999997
-0.20625 0.25625
0.26 0.5777777777777777
0.2200757575757576 0.6462121212121212
0.27878787878787875 0.5765151515151515
0.01909090909090909 0.5161363636363636
0.35 0.71
0.28484848484848485 0.6439393939393939
0.2158857142857143 0.5746857142857142
0.2557575757575758 0.4662121212121212
0.22976190476190475 0.4294871794871795
0.13193939393939394 0.566909090909091
-0.039999999999999994 0.4
0.08035714285714286 0.3334986772486772
0.2217447916666667 0.5875
-0.15 0.8166666666666668
0.08633040935672516 0.564766081871345
0.08804834054834054 0.467012987012987
0.0918949952486538 0.3682417379368596
0.143939393939394 0.4445743145743146
0.08311111111111112 0.5026243386243386
0.1966329966329966 0.4125420875420876
0.6000000000000001 0.5875
-0.1635416666666667 0.4916666666666667
0.20652557319223988 0.4494268077601411
0.04804924242424244 0.47842803030303027
0.014814814814814812 0.22685185185185183
0.5249999999999999 0.5750000000000001
-0.11577197312491432 0.5489476210064445
0.19375 0.4821428571428572
0.1688961038961039 0.5989177489177488
-0.019999999999999997 0.48
0.0008333333333333377 0.4833333333333333
0.1273809523809524 0.46190476190476193
0.25 0.2833333333333333
0.14603174603174607 0.4138447971781305
-0.024715320910973084 0.5484730848861284
0.2751190476190476 0.7357142857142858
0.18088642213642217 0.5345238095238095
0.04409090909090908 0.4575757575757575
0.12402597402597401 0.5782106782106782
0.24166666666666667 0.46944444444444455
0.16972222222222225 0.5191666666666666
0.2532828282828283 0.647979797979798
0.033333333333333326 0.44166666666666665
0.4 0.5
0.24814814814814815 0.412962962962963
-0.07249999999999998 0.7241666666666667
0.04300595238095238 0.5333333333333333
0.14545454545454545 0.6666666666666666
-0.008777777777777777 0.6101428571428572
0.161328125 0.2833333333333333
0.1625 0.23125
0.21041666666666667 0.5583333333333332
-0.07142857142857142 0.14285714285714285
0.16666666666666666 0.4166666666666667
0.31500000000000006 0.591875
0.08984242424242424 0.6379636363636364
0.28263888888888894 0.7722222222222223
0.13636363636363635 0.5
0.5850000000000001 0.78
0.08333333333333334 0.5
0.3137073412698413 0.5778253968253968
0.2046875 0.6406249999999999
-0.15 0.4
0.3527777777777778 0.7708333333333334
0.024999999999999994 0.48125
0.11759259259259257 0.44166666666666665
0.12 0.43277777777777776
0.09270833333333332 0.13611111111111113
0.15 0.625
0.12321428571428572 0.27590659340659346
0.0 0.0
0.32976190476190476 0.6238095238095238
0.14314625850340135 0.4469557823129252
0.20644078144078143 0.601984126984127
0.2828125 0.625
0.08095238095238096 0.5571428571428572
0.5 0.7999999999999999
0.29444444444444445 0.45
-0.14500000000000002 0.63
0.20075757575757572 0.5368686868686869
0.3 0.43333333333333335
0.2548571428571428 0.49371428571428577
0.07268518518518517 0.6498456790123456
0.05486111111111111 0.41370851370851375
0.18174603174603174 0.4722222222222222
-0.02291666666666667 0.18541666666666667
0.25616161616161615 0.3986868686868687
0.15090090090090086 0.6193693693693694
0.0486111111111111 0.6680555555555556
0.14421487603305785 0.45950413223140496
0.25 0.3
-0.21666666666666667 0.4666666666666666
0.10656565656565657 0.595959595959596
0.07916666666666666 0.3458333333333334
0.0755952380952381 0.4142857142857143
0.07680976430976431 0.4875420875420876
0.26831955922865014 0.578236914600551
0.17211111111111113 0.39105555555555543
0.3625 0.5125
-0.00098905723905724 0.49330808080808075
0.35 0.45
0.17729591836734696 0.46683673469387754
0.0 0.05
0.02878787878787879 0.4181818181818182
0.1717371592371592 0.45233707733707734
0.3103571428571429 0.47000000000000003
0.0 0.0
0.13321428571428573 0.5546428571428572
-0.04687499999999999 0.39999999999999997
0.15294117647058825 0.4514705882352942
0.016666666666666666 0.3861111111111112
0.11353490259740259 0.5785105519480519
0.445 0.6000000000000001
0.1747835497835498 0.30844155844155846
0.37 0.5927777777777778
0.16174242424242424 0.4727272727272727
0.30059523809523814 0.4946428571428571
0.4072916666666667 0.6979166666666667
0.1284090909090909 0.46949855699855697
-0.09642857142857142 0.49464285714285716
0.3583333333333333 0.6266666666666666
0.16014202172096909 0.5628654970760232
-0.8999999999999999 0.8888888888888888
0.10086580086580088 0.3858225108225108
0.4 0.4
0.09545454545454546 0.391991341991342
0.14090909090909093 0.6166666666666667
0.372 0.44800000000000006
0.45416666666666666 0.6666666666666666
0.25 0.6799999999999999
0.3059523809523809 0.5662087912087912
0.24805194805194805 0.564935064935065
0.14204545454545453 0.4422348484848485
0.05 0.23125
0.20643939393939395 0.46590909090909094
0.2916666666666667 0.6583333333333333
0.07083333333333335 0.6441666666666667
-0.014732142857142846 0.2107142857142857
0.25709134615384616 0.666923076923077
0.10379464285714286 0.3968501984126984
0.22808441558441556 0.4951298701298701
0.3116666666666667 0.6785714285714286
0.17708333333333334 0.6159722222222223
0.5 0.6
0.2833333333333333 0.6333333333333334
0.006060606060606062 0.25075757575757573
0.4125 0.6333333333333333
-0.3 0.6
0.053030303030303046 0.45454545454545453
0.60625 0.6875
0.115625 0.35937499999999994
0.3404761904761905 0.8142857142857143
0.11210317460317461 0.5172619047619047
0.09423076923076924 0.5801282051282052
0.10425324675324675 0.42973304473304474
0.325 0.40625
0.12910052910052908 0.5362433862433862
0.00833333333333334 0.4666666666666666
0.3875 0.7
-0.01011904761904762 0.40059523809523806
0.37400793650793646 0.4896825396825396
-0.08611111111111112 0.08194444444444444
-0.04833333333333334 0.5016666666666667
0.25416666666666665 0.5333333333333333
0.08333333333333333 0.4666666666666666
-0.018518518518518528 0.16296296296296298
0.09453124999999998 0.55625
0.09826388888888887 0.32083333333333336
-0.04999999999999999 0.7
0.12142857142857144 0.5714285714285714
0.18533333333333335 0.38
-0.05238095238095236 0.4859943977591036
0.034545454545454546 0.7018181818181819
0.2885416666666667 0.5208333333333334
-0.0625 0.2625
0.8 0.75
0.3461111111111111 0.5272222222222223
0.2283333333333333 0.5183333333333334
0.3713758116883117 0.557041396103896
0.095 0.6416666666666667
0.2690476190476191 0.5906593406593408
-0.12083333333333335 0.5583333333333333
0.22070707070707074 0.5900112233445566
0.4026041666666667 0.4555555555555556
0.26 0.265
0.09418377321603127 0.5329423264907135
0.4 0.4
0.06388888888888888 0.3166666666666667
0.149375 0.35375
0.2125 0.4895833333333333
0.4245238095238095 0.5904761904761905
0.5431818181818181 0.5298701298701299
0.12642045454545453 0.3880681818181818
0.17121011704345038 0.40929533429533427
0.23819444444444446 0.4618055555555555
0.08986013986013987 0.28094405594405597
0.5833333333333334 0.6666666666666666
0.039722222222222235 0.3206944444444444
0.13333333333333333 0.21666666666666667
0.13125 0.54875
0.11179138321995463 0.5147297808012095
0.4 0.4
-0.0625 0.5625
0.19999999999999998 0.725
0.75 0.44999999999999996
0.4444444444444445 0.5944444444444444
0.07475000000000001 0.6014999999999999
-0.0577922077922078 0.6090259740259741
0.525 0.8
0.3666666666666667 0.4000000000000001
-0.0346153846153846 0.6102564102564102
0.08040123456790124 0.46820987654320984
-0.011111111111111098 0.5294753086419752
0.06227272727272728 0.6509090909090909
0.06275393077341129 0.424829229212346
0.009337121212121213 0.4911931818181818
0.24727272727272726 0.5509090909090909
0.39545454545454545 0.6477272727272727
0.0990873015873016 0.41894841269841265
0.3452380952380952 0.7285714285714285
-0.015151515151515152 0.2606060606060606
0.2294191919191919 0.6198232323232323
-0.012303921568627448 0.49777310924369755
-0.007575757575757559 0.4545454545454545
0.3238095238095238 0.6164285714285714
0.5072727272727273 0.5609090909090909
0.18333333333333335 0.62
-0.3229166666666667 0.7604166666666666
0.15126082251082248 0.4718317099567099
0.11220238095238096 0.5547619047619048
-0.006111111111111111 0.45777777777777773
-0.125 0.625
0.32204166666666667 0.5369166666666667
-0.04463183874948581 0.42323460852872613
0.39999999999999997 0.562962962962963
-0.07281144781144781 0.36624579124579126
0.2503787878787879 0.4943181818181818
0.4666666666666666 0.6166666666666667
0.35000000000000003 0.6666666666666666
0.28529411764705886 0.49397759103641453
-0.011249999999999975 0.7006944444444445
0.3066666666666667 0.445
1.0 1.0
0.05251623376623376 0.3970779220779222
0.4166666666666667 0.7000000000000001
0.4000000000000001 0.9064814814814813
-0.13214285714285712 0.5535714285714286
0.0 0.0
-0.07142857142857144 0.47261904761904766
0.16559006211180125 0.5351449275362318
0.25 0.3333333333333333
0.17746212121212124 0.3870265151515152
0.15 0.6392857142857143
0.053282828282828286 0.17575757575757575
0.1581912878787879 0.5318181818181819
0.35 0.4
0.1725206611570248 0.5962809917355372
0.075 0.45999999999999996
0.2513131313131313 0.6422222222222224
-0.03636363636363636 0.33181818181818185
-0.045 0.4333333333333334
0.05672348484848484 0.4089015151515152
0.8 0.75
0.425 0.5750000000000001
0.2855654761904762 0.698639455782313
0.3333333333333333 0.6
-0.2 0.35
0.1343008658008658 0.42493939393939384
0.19999999999999998 0.65
0.20389610389610388 0.4636363636363637
0.06875 0.2
0.3333333333333333 0.7000000000000001
0.11376262626262626 0.4842893217893218
0.004435726310726316 0.2962947931697931
-0.35 0.5
0.2455128205128205 0.5056410256410256
-0.15738636363636366 0.44488636363636364
-0.16923076923076924 0.49853479853479854
-0.04062500000000001 0.4666666666666667
0.42333333333333334 0.5633333333333332
-0.00999999999999997 0.40750000000000003
0.08089285714285713 0.45780612244897956
-0.09999999999999999 0.5208333333333334
0.10093546804073122 0.40695313458471355
0.7166666666666667 0.9166666666666667
-0.75 0.85
0.03371212121212121 0.47765151515151516
0.1337121212121212 0.5484848484848486
0.44814814814814813 0.7074074074074075
0.055373502466525726 0.4433343400785262
0.10666666666666669 0.45166666666666677
0.0 1.0
0.12966467126623374 0.377435064935065
0.1673611111111111 0.4972222222222222
-0.09523809523809523 0.6238095238095237
-0.041666666666666664 0.33958333333333335
-0.046411227661227655 0.5819055944055944
0.14411764705882354 0.5464052287581701
0.26389880952380956 0.510327380952381
0.065 0.41500000000000004
0.36440894717261907 0.4621693121693122
0.01666666666666668 0.5333333333333333
0.05227909345556404 0.4756302521008403
0.2767045454545455 0.5724335188620903
0.13015873015873017 0.39374236874236873
0.44375 0.75
0.11111111111111113 0.42606837606837605
0.4454545454545455 0.5181818181818182
0.06888888888888889 0.4177777777777778
0.21534090909090908 0.5174688057040998
0.06770833333333331 0.4552083333333333
0.1 0.32999999999999996
0.5375 0.75
0.11136363636363637 0.3328282828282828
0.4 0.8
0.33571428571428574 0.3761904761904762
0.3052712912087912 0.6573260073260074
0.18 0.42333333333333334
0.16666666666666666 0.4000000000000001
-0.004195804195804194 0.37191142191142196
-0.00104166666666667 0.41510416666666666
0.011476190476190463 0.43390476190476185
0.4216666666666667 0.8300000000000001
-0.03295454545454546 0.361679292929293
0.0787878787878788 0.44595959595959594
0.16597222222222222 0.7527777777777777
0.11437500000000002 0.4618303571428571
0.0691080729166667 0.325
0.13846153846153847 0.5358974358974359
0.1375 0.4680555555555556
0.2018452380952381 0.5226190476190476
0.30454545454545456 0.5484848484848486
-0.11033057851239668 0.5814738292011019
0.07777777777777779 0.5888888888888889
0.4164285714285715 0.6742857142857142
0.22749999999999998 0.41638888888888886
-0.05559895833333333 0.3588541666666667
0.03611111111111111 0.5305555555555556
0.4227272727272727 0.6007575757575757
-0.0965277777777778 0.2798611111111111
0.3131919642857143 0.4773214285714286
0.0968284632034632 0.48002543290043287
-0.06333333333333332 0.11333333333333333
-0.06333333333333332 0.11333333333333333
-0.06333333333333332 0.11333333333333333
-0.06333333333333332 0.11333333333333333
0.0828723745390412 0.408104858104858
0.1673469387755102 0.4320861678004535
0.40885416666666663 0.6854166666666667
0.1440735930735931 0.38976190476190475
0.10700757575757576 0.3803030303030303
0.3355555555555556 0.8125
0.2627936507936508 0.4126190476190476
0.2 0.5125
0.3378205128205129 0.6247863247863248
0.18333333333333332 0.34833333333333333
0.0421875 0.478125
-0.007305194805194802 0.502969252969253
0.07715389185977421 0.39236482471776596
0.32604166666666673 0.7083333333333334
-0.0031874999999999985 0.4222083333333333
0.20859649122807017 0.4223684210526316
0.16712632275132278 0.5282605820105819
-0.075 0.3883333333333333
0.21500000000000002 0.58
-0.058333333333333334 0.6613095238095238
0.039166666666666655 0.5395833333333333
0.03312672176308539 0.5621900826446281
0.45 0.775
-0.06666666666666665 0.39999999999999997
-0.052083333333333336 0.625
0.21565151515151518 0.5684285714285714
0.07355442176870748 0.3384353741496598
-0.014204545454545456 0.4693181818181818
0.08764880952380952 0.48898809523809533
0.08285714285714288 0.46468253968253975
0.08941176470588236 0.48039215686274506
0.1621624407338693 0.5205112347969492
-0.03944444444444445 0.3011111111111111
-0.08166666666666667 0.47666666666666674
0.19866666666666666 0.4293333333333334
-0.04508547008547008 0.35534188034188036
0.2625 0.5680555555555555
0.022222222222222216 0.4444444444444444
0.020370370370370358 0.3650284900284901
0.09601113172541743 0.5914656771799629
0.18214285714285713 0.47857142857142865
0.24965986394557824 0.3457482993197279
0.13314393939393937 0.46554112554112553
-0.04381313131313131 0.3984006734006733
0.19038461538461543 0.4929487179487179
0.4121212121212121 0.6515151515151515
-0.06943181818181818 0.4139772727272727
0.19722222222222222 0.4972222222222222
0.05930059523809524 0.3869047619047619
0.746 0.75
0.3512820512820513 0.5512820512820512
-0.016233766233766236 0.46850649350649354
0.1278019323671498 0.33403381642512076
-0.23846153846153847 0.33461538461538465
-0.012500000000000011 0.5583333333333333
-0.2785714285714285 0.5166666666666667
-0.030433238636363644 0.44090909090909086
-0.039999999999999994 0.33333333333333337
0.08333333333333333 0.65
-0.15 0.1
0.3466666666666667 0.6666666666666667
0.02101851851851851 0.45981481481481484
0.08579545454545454 0.28806818181818183
0.14558823529411763 0.5271475256769373
0.11666666666666667 0.4333333333333333
0.023647186147186156 0.4113636363636363
0.09083333333333334 0.6508333333333335
0.35 0.6666666666666666
0.02107142857142858 0.5140079365079365
0.075 0.34062499999999996
0.0 0.0
0.39652777777777776 0.6826388888888889
0.04 0.55
0.15 0.85
0.1642361111111111 0.5881944444444444
0.1257936507936508 0.3753968253968254
0.45 0.475
0.17916666666666664 0.4361111111111111
-0.11000000000000001 0.5
-0.031818181818181815 0.5106060606060606
-0.2375 0.7875000000000001
-0.07337662337662339 0.3125541125541126
0.1920723104056437 0.47587301587301595
0.3244047619047619 0.8154761904761905
0.09048532196969697 0.5075378787878788
0.22421487603305784 0.3731404958677686
0.09377289377289379 0.5437728937728938
0.046590909090909086 0.20738636363636365
0.04863636363636363 0.323510101010101
0.2634018759018759 0.5743025493025493
0.1106144373517255 0.43303054760681875
0.011147186147186143 0.42380952380952375
0.26429172679172686 0.4945526695526696
0.14632936507936511 0.5458209325396826
-0.041666666666666664 0.5902777777777778
-0.05500000000000001 0.5725
-0.03944444444444445 0.6436111111111111
0.85 0.85
0.31875 0.6375000000000001
0.5783333333333334 0.7233333333333334
0.21003174603174599 0.46579365079365076
0.3178030303030303 0.8303030303030304
0.14997619047619043 0.5362380952380952
0.12999999999999998 0.6733333333333333
0.07291666666666667 0.4826388888888889
0.12208994708994708 0.466005291005291
-0.014285714285714266 0.4642857142857143
0.20145424836601308 0.4424468505350858
0.15861678004535146 0.46275510204081627
0.016666666666666673 0.4111111111111111
-0.023809523809523787 0.42244897959183675
-0.07464646464646466 0.3319191919191919
-0.061111111111111116 0.25092592592592594
0.11964285714285716 0.6684523809523809
-0.11784511784511784 0.3843434343434343
0.10952380952380951 0.5547619047619048
-0.05555555555555555 0.2222222222222222
0.35454545454545455 0.5545454545454546
0.26347064393939396 0.4508049242424243
-0.047368421052631574 0.4657894736842106
0.33999999999999997 0.55
0.38333333333333336 0.43750000000000006
0.1 0.7749999999999999
0.5097222222222223 0.65
-0.10170454545454544 0.46249999999999997
0.09313725490196079 0.4151458019105078
0.27366666666666667 0.6913333333333334
-0.08041666666666665 0.5366666666666667
0.2603373015873016 0.48214285714285704
0.08113636363636365 0.4336688311688312
0.21300000000000002 0.5700000000000001
0.07000000000000002 0.5266666666666666
0.16591483011937566 0.5111512855831036
0.06785714285714284 0.6428571428571428
0.11249999999999999 0.625
0.33 0.52
-0.03571428571428571 0.2857142857142857
0.3900925925925926 0.6662962962962963
0.1111111111111111 0.48148148148148145
0.505952380952381 0.5761904761904761
0.1408333333333333 0.5866666666666666
0.24294871794871795 0.5685897435897437
0.07517857142857141 0.4232142857142857
0.146 0.5033333333333333
0.08846153846153845 0.47286324786324785
0.08695789415898113 0.4010814668423364
0.425 0.5
0.1794665404040404 0.5753282828282827
0.3979166666666667 0.6041666666666667
0.26041666666666663 0.4791666666666667
0.2213554018445323 0.5654479578392622
0.06252525252525251 0.517994227994228
-0.1 0.15
0.047619047619047616 0.4047619047619048
-0.015 0.7425
0.15927714646464647 0.6011136363636363
0.24944444444444444 0.5537037037037037
0.16874338624338625 0.4825396825396825
0.06818181818181818 0.2606060606060606
-0.3457142857142857 0.7214285714285714
0.23538690476190482 0.6811904761904762
0.1111111111111111 0.6055555555555555
0.18011111111111108 0.5925555555555556
0.17813929313929314 0.5634580734580732
0.28702380952380957 0.5850125313283208
0.5222222222222224 0.6333333333333333
0.02404955621301776 0.5204217150370997
0.11235119047619048 0.4404761904761904
0.3916666666666667 0.7266666666666667
-0.10833333333333334 0.5113095238095239
0.4166666666666667 0.7129629629629629
0.21875 0.31875
0.09086270871985157 0.3885899814471242
0.0633958633958634 0.33292448292448296
0.37777777777777777 0.6722222222222222
-0.09722222222222221 0.7041666666666666
-0.0892056277056277 0.5094880952380951
0.1603794642857143 0.44802827380952376
0.027500000000000017 0.49833333333333335
0.27366434378629506 0.5967449894279162
0.15307444748234222 0.5126082251082251
-0.5 0.3
0.2333333333333333 0.575
0.11061507936507937 0.5206349206349207
-0.0946969696969697 0.6000000000000001
-0.030519480519480523 0.4679653679653679
0.5535714285714286 0.48214285714285715
0.2741676505312869 0.549014823560278
0.15000000000000002 0.5318627450980392
0.3233030303030303 0.4577878787878789
0.4788095238095238 0.6488095238095238
0.17395833333333333 0.46166666666666667
0.2333333333333333 0.43333333333333335
0.12708333333333335 0.5166666666666667
0.2 0.5625
0.17832142857142855 0.6200714285714286
0.13958333333333334 0.44305555555555554
0.284653441373967 0.6708677685950414
0.35204081632653067 0.8136054421768708
0.4511111111111112 0.5146296296296295
-0.10625000000000001 0.46875
-0.01941287878787879 0.3641098484848485
0.201264880952381 0.46490575396825395
0.041504329004329 0.37267316017316016
0.12166666666666667 0.5183333333333333
0.19821428571428573 0.5523809523809523
-0.16 0.545
0.2107843137254902 0.5686274509803922
0.17908976124885218 0.4428833792470156
0.21847228292540793 0.4307692307692308
0.21770833333333334 0.43125
-0.03995955433455434 0.4560744810744811
0.0975 0.605
0.1375 0.5229166666666667
-0.016250000000000004 0.445
0.04138814616755793 0.4991532976827095
0.12103535353535351 0.4581303418803418
0.13369834710743803 0.4165277903914268
