98.54833333333333
81.81068627450983
121.4289705882353
113.10000000000002
100.24000000000002
83.65039473684212
87.14250000000001
86.70500000000001
82.42535714285715
61.890000000000015
69.43333333333334
121.38916666666668
91.78000000000003
82.72094827586209
80.14227272727275
67.37285714285714
78.01961748633882
77.70585585585587
72.21191964285715
88.25625000000004
73.84500000000001
52.10636363636365
56.70000000000002
121.35355263157896
84.63824561403509
75.32035714285716
121.32684210526318
96.01150000000003
94.995
121.33277777777778
67.75500000000001
121.40738461538464
75.02325396825398
49.48000000000002
89.96721962616826
93.85000000000002
121.423
88.03333333333336
78.77220588235295
86.4821739130435
70.66750000000002
79.5491666666667
95.68818181818183
76.82043478260871
121.43145833333335
86.33000000000001
79.11464992389654
118.17500000000001
76.90061290322583
67.75500000000001
71.29400000000003
121.43368421052634
71.90386852821409
74.01500000000001
69.59336206896553
57.68987500000003
121.55833333333334
87.27000000000001
95.68818181818183
82.07732142857142
81.62833333333334
-47.97999999999996
68.93343023255817
121.423
84.34813513513517
82.8185328638498
83.46608552631581
90.99000000000004
94.995
-47.97999999999996
83.32000000000004
70.72344827586207
121.423
67.75500000000001
121.37483050847459
95.84945652173916
61.520943152454805
69.99384615384618
121.50194444444446
87.97333333333334
45.64500000000001
90.13625000000002
89.51692307692309
70.81571428571431
78.50742424242428
48.361410256410295
121.36500000000001
121.45423076923078
72.98362068965518
73.34008196721312
77.58313253012051
84.59000000000002
78.9704761904762
80.30636363636367
81.58818181818185
118.17500000000001
75.99000000000002
59.26743589743592
-48.994999999999976
66.10000000000002
75.12105263157896
92.76421052631581
90.08866666666667
121.423
84.6702419354839
64.44500000000002
17.44500000000002
33.465
63.765714285714296
121.38916666666668
72.3358390022676
90.1657272727273
121.60062500000001
80.06750000000002
72.29792929292931
121.32150000000001
120.20500000000001
74.8636666666667
73.31062001227748
81.32
119.19000000000003
79.08471014492756
81.26044117647061
121.40044444444445
94.63309523809527
56.70000000000002
65.10241233031674
80.33367816091955
45.00000000000003
77.28750000000002
79.99234234234235
77.29157894736842
121.423
100.75436781609196
74.53818181818184
121.45580808080808
121.44095238095238
121.4936086956522
121.43007391763464
121.43817757009347
94.51107142857143
69.99384615384618
85.98043680939227
90.31708333333336
56.97846153846157
121.40454545454546
75.88669230769231
82.79006535947714
75.90086206896554
77.90500000000002
75.894
83.74867647058825
121.48100000000002
89.91440860215054
69.78500000000001
121.46360000000001
92.965
71.21816473000683
121.44389705882355
121.44065217391307
77.68000000000004
121.22000000000003
91.71893939393942
74.44000000000004
77.71356780888034
121.38916666666668
121.37615384615387
121.43368421052634
121.41519230769231
57.55785714285717
121.45423076923078
71.07824137931037
34.59000000000003
76.59134615384617
118.17500000000001
78.86500000000001
82.74720689655173
121.46039473684212
39.7434090909091
121.38916666666668
75.87500000000001
69.10833333333336
79.61614130434783
121.46271739130435
69.65560995989308
121.45423076923078
80.78705317247545
121.40044444444445
80.06750000000002
87.88214285714287
121.36500000000001
-8.724999999999994
87.94500000000002
85.85833333333333
73.13687500000002
86.65380434782612
66.7871428571429
88.10302631578948
55.897619047619045
77.90500000000002
121.39820610687025
18.17750000000001
84.85918918918921
100.42294871794876
87.48875000000001
87.67750000000001
74.37500000000004
73.84500000000001
83.7795639534884
121.36500000000001
121.423
121.38916666666668
86.085
85.85750000000003
85.26826923076925
54.72500000000002
109.12980769230771
103.70000000000002
82.93737967914441
91.84272727272729
65.72500000000001
107.855
79.48391836734696
82.87000000000003
69.78500000000001
94.78197368421053
121.49681818181818
106.745
84.62997402597404
87.99727272727276
12.425000000000011
82.57065040650407
86.45000000000002
78.81000000000003
89.64909090909092
93.47166666666669
86.42250000000001
72.85258503401364
63.486153846153854
83.32000000000004
92.965
78.81000000000003
52.61988505747129
83.32066666666667
90.8257843137255
118.6825
121.41901960784315
78.01136842105264
82.39000000000001
93.76545454545456
121.46435185185186
83.36107843137258
72.46250580855022
81.26044117647061
102.045
121.4580864197531
73.04964285714289
95.955
114.11500000000001
119.19000000000003
84.15181818181821
75.87500000000001
54.44369501466275
84.90000000000003
121.43
35.60500000000002
75.50000000000003
73.17000000000003
90.82743478260872
88.34106918238994
78.11803391255609
121.39429292929293
92.06250000000001
78.54895270270272
80.89500000000001
64.90309782608696
79.68333333333337
88.72514705882354
68.28999999999999
83.42207207207208
73.84500000000001
76.83421568627453
63.24493421052631
6.390000000000015
66.10000000000002
121.41888513513516
121.34687500000001
84.02803030303033
67.7946794871795
73.00111436950148
94.51107142857143
69.52407692307693
70.33964285714288
61.32500000000002
77.85250000000002
82.32708333333336
72.85019067796611
78.03326760563381
65.64038461538463
105.88000000000002
121.36097222222224
121.42820512820515
84.75071428571431
121.423
91.78000000000003
76.671568627451
121.51000000000002
51.29535714285717
121.45423076923078
103.3425
121.43631147540984
121.47375000000002
121.423
84.90000000000003
84.9157142857143
80.30636363636367
41.72803030303032
66.65333333333334
90.13250000000001
106.59678571428573
121.46689189189192
58.12294871794876
118.17500000000001
72.95411493288593
98.8675
62.79000000000002
98.47700000000002
121.39176923076926
109.79000000000002
65.50500000000001
84.45634408602152
68.17253640776701
63.12692307692308
83.37750000000003
81.63572222222226
88.11550000000001
76.48314516129035
117.16000000000003
121.3868493150685
70.30437500000001
121.4375
80.78250000000001
90.13250000000001
97.025
86.13331761006292
83.0092307692308
87.91357142857143
36.89776315789476
78.40084229390683
54.72500000000002
89.07700000000003
103.54
82.15126760563383
75.50000000000003
73.84500000000001
86.70500000000001
82.03166666666667
121.44555555555556
77.37000000000002
76.36529411764708
75.89637254901962
44.05288461538464
89.6067307692308
72.74666666666668
121.41645161290324
80.87284313725492
83.88500000000002
80.96849206349208
70.50704545454548
72.32350000000002
81.14769811320758
121.36500000000001
89.51692307692309
75.80586538461539
97.025
55.21529411764709
78.24500000000002
121.40454545454546
95.74038461538463
80.89500000000001
92.345
87.27000000000001
121.39500000000001
121.47375000000002
78.24500000000002
81.31736842105265
111.07000000000002
85.40250000000003
65.55313186813187
63.95363025210085
39.26538461538463
121.4103125
121.44555555555556
90.45646153846154
121.458156424581
57.46125000000001
69.74064516129035
121.41804878048782
60.014256756756765
69.53212659380692
60.76500000000003
87.85894396551724
72.61545454545457
76.48314516129035
18.77909090909094
85.87671052631579
74.66196969696972
82.42535714285715
76.93000000000002
87.67750000000001
90.95857142857145
72.94609090909093
67.60429591836736
87.67750000000001
72.90056818181819
66.79500000000002
84.63824561403509
69.15547619047621
50.130000000000024
79.51375000000003
75.75152173913045
65.55550000000002
76.69500000000002
63.35153846153847
71.81500000000001
80.53397727272728
121.45423076923078
54.70142857142861
62.75857142857146
89.09087719298246
69.78500000000001
71.52380952380955
79.09150000000001
121.39864
97.4775
64.015
76.59134615384617
121.38370967741938
71.28000000000002
73.84500000000001
42.61571428571432
89.51692307692309
80.42670270270271
83.09903846153848
82.42535714285715
81.79269736842107
76.36529411764708
71.81500000000001
74.12918918918922
76.30564625850343
72.61545454545457
76.30289530374841
42.61571428571432
85.56880952380955
67.57802371541503
79.03500000000001
66.46272727272728
68.8989584816133
66.79500000000002
99.49178571428574
89.97968992248066
80.89500000000001
34.92833333333334
77.81071428571428
121.51604166666667
54.07161073825506
87.99727272727276
121.4103125
73.66575000000002
77.59945498966361
62.82273206751054
35.60500000000002
91.43464285714288
92.46327272727274
87.05902777777777
89.02477922077922
84.90000000000003
121.37037037037038
60.16999999999999
78.33000000000001
66.25229659763313
93.20937704918033
75.79642857142858
72.95649999999999
75.05000000000003
76.50153846153849
74.87425000000003
72.44945664629489
99.055
68.82500000000002
89.11301282051284
53.28042857142859
78.71223728813561
88.70550724637683
121.39500000000001
89.60979810996564
87.39070068027213
121.38916666666668
66.40066666666667
61.6094528301887
85.75454545454548
87.62678160919542
68.04002906976746
61.400000000000034
64.93949203187253
86.37625000000001
85.85750000000003
121.43368421052634
66.67886570247937
70.5430434782609
63.53711518324609
77.99972972972974
66.40000000000003
82.17676020408165
80.30875
120.20500000000001
63.04374702616971
69.34939560439564
48.35500000000005
83.32000000000004
121.38916666666668
77.67109896432683
121.40454545454546
121.34687500000001
103.68723684210525
94.995
65.34152534965035
65.00326314940304
75.87500000000001
71.16967411275508
80.01747267759565
81.37694444444446
77.90500000000002
121.35533333333333
66.73439882697947
121.423
68.25902777777779
103.54
-47.97999999999996
65.35311827956991
75.5227128834356
70.66750000000002
87.40756410256414
121.38916666666668
76.41866379310346
97.025
59.745000000000005
83.07901369863016
77.8151371308017
73.55873684210528
76.74857142857144
121.423
74.84845454545457
66.62786486486488
71.76785714285715
121.37615384615387
120.20500000000001
61.540153256705
71.51708333333335
87.61458333333336
92.7775
121.44555555555556
62.37529069767446
68.99321739130436
121.4375
77.90500000000002
66.017789407578
85.87671052631579
65.72500000000001
78.66725000000002
71.15952868852462
121.423
88.70625000000004
114.11500000000001
121.45423076923078
65.95205194805196
121.54741935483872
121.49066666666667
66.1144385123847
90.95857142857145
121.40454545454546
66.33875
72.60500000000002
121.423
116.14500000000001
78.53735294117648
89.51692307692309
121.35239130434783
77.42612012987016
81.62833333333334
83.0092307692308
85.88886363636365
87.48875000000001
121.423
73.93893264630108
46.60500000000002
121.37483050847459
52.58250000000001
99.39500000000001
66.14453677244698
49.48000000000002
62.81613636363636
94.2218548387097
81.85500000000002
68.5568825301205
121.43400602409639
78.87285714285717
100.24000000000002
91.255
85.07411764705884
121.35533333333333
66.39847568093388
87.94500000000002
84.90000000000003
82.42535714285715
89.46750000000003
67.75500000000001
83.32000000000004
72.34123188405799
79.34892857142859
71.53907216494846
63.11261904761906
120.20500000000001
75.00651612903226
68.92239071038254
90.33206521739133
57.89800995024878
67.1872897196262
59.64964449541287
73.17000000000003
99.17469565217391
94.8423880597015
79.92731340612136
70.8553697183099
99.00000000000001
118.17500000000001
93.3521590909091
79.20263157894739
87.94500000000002
102.045
90.5609090909091
121.43145833333335
75.17909090909093
121.44802739726029
62.499047619047644
75.34011904761908
121.53718750000002
83.37750000000003
121.52450000000002
79.89761741122568
73.62588093322607
79.26744019138758
80.83214285714287
35.097500000000025
120.20500000000001
77.90500000000002
121.44919354838711
69.73201923076924
62.46447331460675
68.08215053763442
66.40000000000003
121.46166666666667
121.48583333333335
66.39869565217394
75.26695121951224
70.00052631578949
119.19000000000003
75.98000000000002
74.2977777777778
62.493401360544254
72.31814009661836
35.60500000000002
63.05323076923078
120.20500000000001
103.04428571428575
121.40796296296298
-6.694999999999993
73.79573529411766
96.98571428571431
121.38916666666668
86.08963963963964
98.67808823529413
72.76525641025644
77.81071428571428
90.99000000000004
121.36500000000001
70.88277777777779
90.38416666666669
77.41211382113822
74.78928571428573
87.94500000000002
103.625
83.32000000000004
95.9991666666667
72.93623541887595
63.820833333333354
94.30000000000001
121.38916666666668
59.04034013605445
121.423
68.64621212121216
88.49293478260873
0.30000000000001137
74.92927238805973
73.25881542596882
62.345540540540554
77.90875
83.38272727272728
69.00267973856211
83.32000000000004
86.70500000000001
121.43145833333335
121.41333333333336
64.91409673659675
84.56531531531532
82.09400000000002
84.15181818181821
79.51375000000003
85.0125
91.42477477477478
85.23696969696971
62.79000000000002
76.76739454094293
105.57000000000001
74.86000000000003
82.74720689655173
71.28974358974361
121.45200000000003
81.69207191780824
65.9191666666667
83.46583333333336
80.77714285714288
60.634285714285724
72.83894736842106
121.55833333333334
90.53819105691058
71.34990131578948
73.98318181818185
75.34000000000002
121.43
74.86000000000003
95.68818181818183
76.9341666666667
80.25000000000004
86.70500000000001
121.37615384615387
77.96463570127506
73.70060606060609
86.085
66.84742944317317
86.10589285714286
95.68818181818183
72.61545454545457
83.74867647058825
121.423
74.29800000000002
87.40607142857144
75.73333333333335
84.05041666666668
87.92925581395349
112.08500000000001
49.01719298245615
74.86000000000003
72.57779591836736
85.56880952380955
121.423
63.84036764705884
78.49071087786261
121.50866972477067
60.45008064516131
84.97083333333336
74.65720720720721
121.34687500000001
97.7025
58.25392857142859
64.4508270676692
68.80054545454547
83.2509195402299
121.45683333333335
65.56701612903228
61.65605721393035
81.89916666666669
70.80000000000003
102.045
74.72386363636366
97.025
91.16666666666669
71.39957059302584
121.423
92.1103947368421
71.76785714285715
35.60500000000002
121.39500000000001
121.44364406779661
81.31467213114756
121.39476821192054
71.05311653116533
121.423
83.90685897435898
121.48350961538463
73.7331756756757
69.99384615384618
88.63904761904763
120.20500000000001
77.9625
68.8240136054422
47.35238095238097
61.397380952380956
66.12000000000002
80.2513927738928
121.37615384615387
121.38916666666668
79.65500000000002
83.71741685144126
74.17158064516131
96.57745098039217
91.64933139534885
121.423
91.47
80.30636363636367
95.73000000000002
74.92607558139537
73.17000000000003
75.91320652173916
56.87411764705885
121.43834302325584
81.13641304347829
65.56557692307695
66.41267676767679
89.51692307692309
76.29968566493957
76.52625000000003
100.24166666666667
103.3425
63.71071428571429
71.9420271416455
82.92500000000001
74.23131239935589
121.42848648648649
75.71798728813562
56.54073529411767
88.905
73.03300000000003
89.57850000000002
84.02388157894738
81.24119047619048
63.76912359550563
75.62156690140849
75.50000000000003
52.41562264150946
75.99640096618357
63.020000000000024
69.27956666666668
78.24500000000002
77.41643678160922
94.78197368421053
98.18958333333336
66.53657786885248
79.29728260869568
97.9961403508772
75.23966666666671
60.95530303030304
64.8868823529412
78.67194542253523
96.86770833333335
68.21947368421056
78.93342105263159
75.70750000000002
91.31719298245615
82.07732142857142
80.83214285714287
86.95667871900827
57.94166666666669
50.357500000000044
73.26707042253523
88.905
80.7835
93.73333333333333
117.16000000000003
120.20500000000001
88.70550724637683
80.76847826086959
55.972500000000025
103.54
58.0602272727273
84.50687136393023
84.63824561403509
64.76500000000001
80.75019230769233
73.99181271477666
81.44681818181817
55.685
90.09178571428573
67.86750000000002
75.26549528301891
84.49625000000003
84.0773643410853
75.70750000000002
78.89833333333334
78.20991228070177
88.21000000000001
-6.694999999999993
65.4575
70.8587594936709
76.97666666666669
74.24015503875972
91.78166666666668
71.28974358974361
75.99000000000002
70.14470588235295
77.72000000000003
77.74157012195123
96.49000000000002
66.76500000000001
87.07027439024391
69.14136363636365
87.87348484848488
49.48000000000002
77.44514705882355
71.44115384615387
84.52318181818181
77.90875
64.9245454545455
58.50030434782613
79.10123211446741
87.4520945945946
60.634285714285724
72.73924242424245
71.72818840579711
69.70623224728492
74.86233333333335
89.3414912280702
121.42145038167939
79.53184060150379
95.68818181818183
53.264393939393955
79.41082457983194
81.01650485436893
51.3573043478261
72.71419894366198
77.50758250825083
56.095568181818194
71.84519685039372
62.17150000000001
57.715
92.62750000000001
82.18445338983051
86.04480620155041
50.079571428571455
86.76517857142859
103.54
71.7566083916084
70.19576923076926
79.65500000000002
69.41603797875769
69.59336206896553
79.47552845528456
84.34803571428574
76.62053571428574
121.40454545454546
121.41736111111112
65.72500000000001
86.6174285714286
87.53042834890968
99.53363636363638
60.26826086956524
75.54677419354842
71.19750000000002
80.43622807017547
74.13600000000002
66.71030303030307
72.73663024475526
50.0502465753425
59.745000000000005
70.35000000000002
76.13000000000001
85.02764705882355
83.9482105263158
83.188115942029
82.94134453781516
64.36052631578949
71.76913043478264
87.07027439024391
84.38441542288558
84.37700000000002
82.63247852233677
103.54
88.40084210526318
80.14248062015508
66.60528846153848
85.23833333333337
70.11772856562375
65.70175557273548
76.822847805789
73.06936063936064
79.57125000000002
121.42534682080927
57.23363636363638
121.41870370370373
121.40288288288289
81.89916666666669
78.7887199312715
75.8443006993007
88.25625000000004
84.90000000000003
85.06214285714287
82.89975000000001
77.41643678160922
68.51944256756758
64.66583333333335
82.39000000000001
75.60345475460124
88.38364886731395
70.64371951219513
77.19916666666668
57.92243902439027
44.60000000000004
87.71028301886794
83.2509195402299
82.03166666666667
92.82398584905663
121.44967153284674
83.21176870748302
88.03333333333336
65.03162601626018
70.3052713178295
94.73402582159628
91.43464285714288
121.4753870967742
76.79738095238096
73.51248835662012
68.19666666666667
81.62036290322581
83.79272727272729
77.15188559322036
73.2861384976526
59.634000000000015
102.44877192982456
80.68684210526318
99.53363636363638
69.99384615384618
95.40100000000001
69.14136363636365
73.29719716494847
73.9954827586207
84.98833333333334
73.13301470588237
89.1510243902439
80.66318181818185
82.75257352941179
82.10530303030305
62.79048076923078
88.81899999999999
87.34769230769233
79.84468023255816
78.89833333333334
86.70500000000001
72.61545454545457
75.9002291666667
75.95781609195403
67.38042857142858
89.89642857142859
83.16638888888892
72.86303030303034
73.16866666666668
61.45911764705883
70.08818181818185
64.43851482671444
59.11730769230772
66.68500000000003
39.07776119402986
121.40454545454546
78.83395121951222
78.03959128065398
65.72500000000001
84.30500000000002
91.43464285714288
80.49023035787742
65.10179487179488
89.63082191780823
88.905
80.51886363636365
70.7954285714286
83.88500000000002
75.82696385542172
79.6157142857143
85.56880952380955
75.22397308488615
92.39069767441863
60.82990909090911
48.63966666666667
65.89932588597844
93.10753424657536
78.90191737288137
121.46606060606061
76.3219230769231
63.525000000000006
74.54973414179106
87.49500000000002
67.9329411764706
68.51666666666668
87.5623529411765
68.75535031847137
65.555
107.09681159420292
83.0092307692308
87.4645054945055
78.79051282051283
97.17166666666667
60.84163793103451
87.04609090909094
75.11027777777781
76.8864655172414
60.27721153846156
78.24500000000002
78.65956521739132
82.19500000000002
81.26044117647061
95.16466666666668
67.53000000000003
65.12569444444446
82.87000000000003
83.50118032786887
65.56557692307695
73.18727390180881
95.68818181818183
89.12214285714288
94.51107142857143
90.87437500000001
83.09761363636366
79.29054945054946
72.3666666666667
70.43020833333337
68.38345454545455
65.90869230769232
65.97975000000002
95.26552419354839
121.44312500000001
65.3678961748634
79.64541816546765
71.01175281954889
89.6067307692308
121.419375
76.55266666666668
86.6157317073171
61.448471128608944
81.26442209072981
53.43489436619721
71.26522958057399
88.36863636363636
77.82525252525255
89.46750000000003
78.77220588235295
91.95000000000002
82.83857142857144
68.40612406716419
58.4787254901961
72.32350000000002
56.66511494252876
35.60500000000002
53.110931603773594
74.55614743751579
76.24609090909094
121.42820512820515
71.81500000000001
121.44555555555556
72.7779230769231
63.12560606060609
69.57615963855423
73.78840963855424
75.42500000000001
71.14000000000003
79.27510765550242
90.90626752966561
62.05047619047622
-6.694999999999993
84.20500000000001
79.373786407767
75.98359649122811
81.89428571428574
71.06500000000001
75.10977528089889
76.24477459016396
79.29431746031747
36.560959302325614
73.40600961538465
90.95857142857145
86.87112332112332
71.72818840579711
85.72625000000001
76.52051612903229
83.37750000000003
73.90878378378379
77.34736842105265
98.21000000000002
76.60282894736842
96.01083333333334
92.345
94.98714285714289
73.39167692939247
84.02803030303033
76.51377270970238
87.43047619047621
72.73924242424245
84.98892857142859
60.1608416252073
66.7333157894737
62.595750000000024
82.9755434782609
92.965
65.16823529411766
93.03889705882354
86.70500000000001
72.61545454545457
87.61458333333336
50.130000000000024
92.86583333333337
67.53000000000003
80.84993730407525
87.27000000000001
76.26181818181821
78.07045454545458
63.13333333333334
83.1217288557214
79.00350000000002
83.37750000000003
74.47628787878789
77.51511363636365
68.77000000000002
76.30950000000001
78.31882758620691
68.39307692307693
78.07336363636367
79.50500000000001
66.94300000000003
76.60170786516855
55.0513831775701
-6.694999999999993
72.58993243243243
55.265833333333376
83.32233333333336
65.38500000000002
79.89610204081633
65.29160714285715
79.998125
76.2002777777778
94.91988505747128
66.63594202898551
86.91384615384618
81.95616352201259
83.0092307692308
67.08836660617062
-6.694999999999993
80.43622807017547
82.5858823529412
82.9014285714286
74.39217948717952
79.03500000000001
74.30432653061226
90.12830645161293
89.89642857142859
65.57700000000003
68.19433333333335
65.6787183868763
67.53000000000003
70.51739900690121
76.55600000000001
66.33875
97.28318181818183
78.98522727272729
92.06250000000001
109.08714285714288
69.7866666666667
83.82333333333335
88.49874015748034
87.58473004694838
75.50000000000003
58.716631578947386
81.56762025316456
77.15500000000002
70.93250000000003
77.70585585585587
84.90000000000003
83.90329081632655
76.83483899821111
76.59134615384617
75.3275
72.51060344827589
65.555
71.78157894736843
77.20642857142857
68.99427027027028
58.37595238095241
95.56439393939395
73.67611111111111
91.5994642857143
116.14500000000001
68.55990990990992
102.35525000000003
80.85113821138212
60.71034482758621
68.09500000000004
80.82802439024393
84.97083333333336
84.2756060606061
86.82737662337664
78.87285714285717
77.22124313186815
67.32894736842107
71.31465408805033
76.0238842975207
75.16119143239628
68.82000000000004
78.72369897959186
87.93714285714289
84.34794715447156
75.93788043478263
82.22706487341776
68.4522026022305
76.72500000000002
82.71821428571431
68.50994623655916
62.62500000000003
74.27595041322317
71.42518518518521
121.41150943396227
78.33000000000001
84.01400000000001
83.24141347801259
84.20500000000001
68.28602272727274
73.03195652173913
63.229166666666686
50.470769230769264
75.62187179487181
40.4914285714286
77.57582608695652
73.84842839805826
88.81925000000001
70.09104591836736
73.79967532822758
74.50432692307693
91.84272727272729
74.63639301874599
64.82777985074628
69.55526315789477
51.30500000000001
51.62786163522014
82.2383048780488
85.44608695652175
63.86250000000001
82.81657894736844
69.30464912280705
72.49493006993008
73.35257352941179
73.97010019083972
80.33367816091955
69.09428571428573
87.0968103448276
57.55785714285717
76.74432773109244
78.38775000000003
77.64602564102567
80.33367816091955
70.18580137659787
82.47550000000001
84.34813513513517
73.54400000000001
69.24815584415586
70.22227906976744
72.96230088495577
71.14606356286592
78.50742424242428
54.809230769230794
64.4693181818182
80.45022959183675
121.44348623853213
69.73333333333333
77.97034090909092
55.31966609096145
44.022948717948765
62.71332231404962
86.56683908045979
81.13631456953642
99.51909883720931
76.03176923076924
70.63166666666669
69.78261510791368
88.905
83.2466273584906
74.8292168141593
67.2632142857143
67.86750000000002
78.36145833333336
78.36145833333336
78.36145833333336
78.36145833333336
81.31349489795919
65.84473684210528
102.77750000000002
72.5173485072421
82.35867741935488
61.38723684210527
79.80105546995381
86.24532894736844
86.35364864864867
79.4607997881356
76.46090909090911
79.69915785636168
49.987346938775545
68.84935897435899
77.76115039577836
79.41294642857144
78.8558695652174
82.51500000000003
85.91500000000002
68.2960483870968
88.63904761904763
90.18446347031966
64.00976190476193
69.99384615384618
79.99234234234235
73.67559627690518
92.85733870967744
75.95021428571431
64.61491566265063
73.4675
81.674429727741
81.87295454545456
83.08250000000001
74.45845588235295
55.82388157894738
76.33333333333334
79.39160714285715
85.0272463768116
65.08735159817354
68.55990990990992
82.13833333333335
74.67946428571432
70.72864551555827
69.92388157894737
82.36944954128441
82.58885714285718
65.85682608695654
65.72500000000001
66.55394160583943
80.59147727272726
79.2175
59.41318150448586
84.87024007606372
83.85357142857143
66.26549083063648
71.62076923076926
73.27221925133692
63.92420259128389
48.862694063926966
77.67072463768118
66.10000000000002
73.23846830985919
89.12883018867927
77.9165549828179
76.82043478260871
86.73289519397801
54.92837931034484
80.62479166666668
78.73856459330145
63.68378881987579
121.44555555555556
75.57729919678718
75.46678571428575
93.605
73.766876498801
76.4472855839416
78.11500000000001
50.908512195122
84.64295522388062
83.54864705882353
72.28928154205609
83.39137500000001
62.70302263251938
39.7434090909091
79.3148305084746
77.53333333333335
52.56755307855627
75.36303571428572
79.96315789473685
65.74747126436785
73.46038333333335
64.61300962379704
76.71477748425119
71.6609523809524
68.8692278287462
79.0558823529412
75.92307788944724
93.54350877192984
83.30875000000002
121.44860360360363
85.23431850789096
69.66382042253525
81.57800000000003
72.55300000000003
74.57911564625854
61.407756598240496
83.99101408450704
73.61643025210086
55.521403456160755
73.24769230769233
81.06500000000001
67.92240259740261
78.74984913793107
59.05977443609024
74.26727272727275
74.24015503875972
67.67000000000002
73.13058823529414
72.17182926829271
71.95000000000002
78.67076923076925
93.91525641025643
62.846691176470614
73.16866666666668
80.98500000000001
72.02436162870947
56.70000000000002
79.17039968025581
75.80745986238534
75.91320652173916
73.79573529411766
91.92642857142859
79.81664285714287
90.95857142857145
72.09750000000003
85.70383620689658
93.26712500000001
69.32017857142857
68.20518115942029
68.82500000000002
68.99216121495328
75.86072368421053
78.03217687074833
83.3648275862069
52.625952380952384
61.49789878397712
43.93691176470591
66.248023555392
61.24000000000001
121.51406542056077
73.70864232038124
83.9851179941003
74.90954545454547
58.63766101694918
73.89756521739132
71.52630102040817
84.17812841530058
84.09941734417346
78.87285714285717
61.31101639344263
79.74841194968556
77.81071428571428
66.54643564356437
70.70164393939396
70.74917699724519
121.46680851063832
55.35461385151969
80.27797491039428
78.24500000000002
70.91500000000003
77.09660714285717
77.85000000000002
69.28452746741158
75.17360878661087
84.90000000000003
68.31477272727274
56.75171247357295
61.88032104187177
75.90979651162792
70.66690721649486
67.46798245614038
67.53000000000003
72.57779591836736
70.375662593985
57.49937500000003
66.73333333333335
76.77118181818184
70.95740052356024
66.4616719963454
73.19607142857143
82.91315789473686
81.00520833333336
85.57889473684213
66.40400000000001
72.49166666666669
100.34776315789475
88.29500000000003
73.53159282700423
74.39583333333336
67.2357142857143
96.02461538461542
74.87425000000003
65.30780303030306
64.78250000000003
83.32066666666667
87.35635204081633
36.15384615384619
65.75370242214535
81.18932339911399
61.00190741773568
73.59536723163843
79.34725225225226
66.82705882352944
57.62818840579712
70.90459183673471
72.257898089172
62.38250000000002
62.447683727034146
